
export const BOARD_SIZE = 25;
export const BOARD_DIMENSION = 5;
export const GAME_WORD = ['P', 'S', 'Y', 'C', 'H'];

// All possible winning combinations of indices in a 25-cell grid
export const WINNING_COMBINATIONS: number[][] = [
  // Horizontals
  [0, 1, 2, 3, 4],
  [5, 6, 7, 8, 9],
  [10, 11, 12, 13, 14],
  [15, 16, 17, 18, 19],
  [20, 21, 22, 23, 24],
  // Verticals
  [0, 5, 10, 15, 20],
  [1, 6, 11, 16, 21],
  [2, 7, 12, 17, 22],
  [3, 8, 13, 18, 23],
  [4, 9, 14, 19, 24],
  // Diagonals
  [0, 6, 12, 18, 24],
  [4, 8, 12, 16, 20],
];